image_width: 640  # Change to your resolution
image_height: 480
camera_name: finger_camera
camera_matrix:
  rows: 3
  cols: 3
  data: [432.82290127206676,  0, 320.66663616737236,
          0, 428.8529386724118, 256.09398022438245,
          0,  0,  1.0]
distortion_model: plumb_bob
distortion_coefficients:
  rows: 1
  cols: 5
  data: [0, 0, 0, 0, 0] # Your distortion coeffs
rectification_matrix:
  rows: 3
  cols: 3
  data: [1, 0, 0, 0, 1, 0, 0, 0, 1] # Identity (usually safe)
projection_matrix:
  rows: 3
  cols: 4
  data: [432.82290127206676,  0, 320.66663616737236, 0,
          0, 428.8529386724118, 256.09398022438245, 0,
          0,  0,  1, 0] # Usually same as camera_matrix with extra column